
                            PERCENTAGE OF FARMS BY REGION IN 2016
                            -------------------------------------

        Horses/       Goats     Llamas/     Rabbits      Bison/        Elk/   Domestic/       Wild/        Mink      Totals
         Ponies                 Alpacas                 Buffalo      Wapiti        Deer       Boars            
AB        32.7        17.1        30.8        16.5        45.6        43.0         9.8         0.0         2.6        30.1
ON        23.7        34.3        21.6        33.3         5.0         8.3        26.7         0.0        23.7        24.8
SK        15.0         7.5        14.6         8.2        31.0        31.8        13.7         0.0         0.0        14.1
BC        12.2        17.3        16.9        13.7         5.6         0.0         4.7         0.0         5.7        12.8
QC         8.1        13.5         8.3        18.9         3.5        10.0        42.4         0.0         4.6         9.4
MB         6.0         5.5         4.6         4.9         8.8         4.9         0.8         0.0         4.1         5.8
NS         1.1         2.6         1.2         2.3         0.2         0.3         0.8         0.0        45.9         1.5
NB         0.7         1.2         0.8         1.2         0.1         0.6         1.2         0.0         3.1         0.8
PE         0.4         0.5         0.6         0.2         0.0         0.0         0.0         0.0         3.6         0.4
NL         0.1         0.4         0.4         0.2         0.0         0.0         0.0         0.0         6.7         0.2
YT         0.1         0.2         0.2         0.4         0.1         1.1         0.0         0.0         0.0         0.1
NT         0.0         0.0         0.0         0.1         0.0         0.0         0.0         0.0         0.0         0.0
